-20.0 1540.7330341783043
-19.183673469387756 1398.631394002433
-18.367346938775512 1310.956797138874
-17.551020408163264 1121.438579503183
-16.73469387755102 984.7308642971973
-15.918367346938776 866.5890585312452
-15.10204081632653 784.5354820396175
-14.285714285714285 684.9767633767401
-13.46938775510204 569.3214467198969
-12.653061224489797 619.6656414923962
-11.83673469387755 381.90438307556377
-11.020408163265305 411.5362816848643
-10.204081632653061 192.78925045392612
-9.387755102040817 215.37284021863695
-8.571428571428571 279.01353262360976
-7.755102040816325 135.0518525512985
-6.938775510204081 56.10141654364185
-6.122448979591837 15.514477877451704
-5.3061224489795915 53.80322426780538
-4.489795918367346 -71.60365619312921
-3.6734693877551017 79.72408400138036
-2.8571428571428577 78.40943524864971
-2.04081632653061 48.63640809113541
-1.224489795918366 -147.8189097528065
-0.408163265306122 104.55845408357706
0.408163265306122 42.74433911620828
1.224489795918366 47.66208112880017
2.0408163265306136 13.290624485877682
2.8571428571428577 -130.8961168297138
3.6734693877551017 3.8402744014953356
4.489795918367349 52.69481625563489
5.306122448979593 -25.18892490627381
6.122448979591837 155.05236769239394
6.938775510204081 139.53542209489478
7.755102040816325 31.096579078186423
8.571428571428573 86.38383797658632
9.387755102040817 90.71126721792785
10.204081632653061 4.414084398711651
11.020408163265309 166.37462110759523
11.836734693877553 101.67526273641698
12.653061224489797 138.3857727684218
13.46938775510204 209.42683977158958
14.285714285714285 88.67598893964384
15.102040816326529 203.96742727319352
15.91836734693878 221.75550658906946
16.734693877551024 143.50587808249844
17.551020408163268 38.44406614637545
18.367346938775512 138.6375788661732
19.183673469387756 50.296865168616705
20.0 25.62218793240242
