-10.0 -826.9537859331007
-9.797979797979798 -707.6170876784397
-9.595959595959595 -666.633457518153
-9.393939393939394 -561.6979342094271
-9.191919191919192 -452.002014635047
-8.98989898989899 -536.0978529779013
-8.787878787878787 -437.3092900263773
-8.585858585858587 -396.98691081352365
-8.383838383838384 -400.2067118279408
-8.181818181818182 -414.1447217270993
-7.979797979797979 -355.7297264537103
-7.777777777777778 -398.848039314653
-7.575757575757576 -318.4123809640487
-7.373737373737374 -280.65245033403403
-7.171717171717171 -204.0802050549255
-6.96969696969697 -257.602202596364
-6.767676767676768 -314.05744477598665
-6.565656565656566 -194.1102455067965
-6.363636363636363 -143.16842605255644
-6.161616161616162 -100.09568515322017
-5.959595959595959 -175.720436130387
-5.757575757575758 -104.13460508695475
-5.555555555555555 -37.68914770914538
-5.353535353535354 -14.004250989875686
-5.151515151515151 -94.65491772845559
-4.94949494949495 -52.676066304153196
-4.747474747474747 -76.8501656820408
-4.545454545454546 -193.31853066666724
-4.343434343434343 29.595834487395674
-4.141414141414142 -6.080341652888915
-3.9393939393939394 -58.54684940991571
-3.737373737373738 21.65156177617391
-3.5353535353535355 65.14992488518334
-3.333333333333333 14.376518754262008
-3.1313131313131315 131.47695348561996
-2.929292929292929 -54.01980051373859
-2.7272727272727275 16.525157885821557
-2.525252525252525 55.51403848997744
-2.3232323232323235 -27.63517370178958
-2.121212121212121 27.237637674977652
-1.9191919191919187 -49.02695234794163
-1.717171717171718 6.344120938443762
-1.5151515151515156 -32.07492784436429
-1.3131313131313131 115.00533877701935
-1.1111111111111107 8.612620005415364
-0.9090909090909101 -25.640983150023537
-0.7070707070707076 -32.20300562172911
-0.5050505050505052 -52.96107942396711
-0.30303030303030276 -139.89429303959872
-0.10101010101010033 -11.30407617942539
0.10101010101010033 47.54832077732234
0.30303030303030276 -33.23259702648525
0.5050505050505052 73.3520586891114
0.7070707070707076 5.113972415527094
0.9090909090909083 -162.4672025152615
1.1111111111111107 7.261272643598455
1.3131313131313131 -3.308622478372045
1.5151515151515156 108.50116260711812
1.7171717171717162 -1.7813506110123996
1.9191919191919187 45.633536113542704
2.121212121212121 41.57420167866209
2.3232323232323235 74.01353343841458
2.525252525252524 -21.528607699446297
2.7272727272727266 -96.66050638353074
2.929292929292929 171.8009137371343
3.1313131313131315 74.18242338446203
3.333333333333334 179.52198422076202
3.5353535353535346 -37.02745701607034
3.737373737373737 127.42606391283462
3.9393939393939394 -53.67095208547741
4.141414141414142 95.93669641713524
4.3434343434343425 149.0741891916411
4.545454545454545 160.81258608666826
4.747474747474747 216.43072958774937
4.94949494949495 119.52922611946738
5.1515151515151505 256.11658626997695
5.353535353535353 183.70485260942604
5.555555555555555 246.92009170247977
5.757575757575758 227.33163560207035
5.9595959595959584 194.7865858087062
6.161616161616163 288.1580282896835
6.363636363636363 375.10997899929976
6.565656565656564 407.05107378229957
6.767676767676768 391.46177965926705
6.969696969696969 408.31214418843143
7.171717171717173 447.61723801569724
7.373737373737374 585.2167767583109
7.575757575757574 613.6270526807995
7.777777777777779 623.4182132445503
7.979797979797979 618.7243868685865
8.18181818181818 759.2262045563637
8.383838383838384 786.8725916489931
8.585858585858585 720.7645140470074
8.787878787878789 891.8501108835411
8.98989898989899 817.5854732200614
9.19191919191919 794.9031920731826
9.393939393939394 955.5227772404423
9.595959595959595 992.8019903784308
9.7979797979798 1182.9927570686598
10.0 1249.1339264431076
